# This file may be used to create an environment using:
# $ conda create --name <env> --file <this file>
# platform: win-64
agentpy=0.1.5=pypi_0
aom=3.5.0=h63175ca_0
bzip2=1.0.8=h8ffe710_4
ca-certificates=2022.12.7=h5b45459_0
cairo=1.16.0=hd694305_1014
contourpy=1.0.6=pypi_0
cycler=0.11.0=pypi_0
dav1d=1.0.0=h8ffe710_1
dill=0.3.6=pypi_0
expat=2.5.0=h1537add_0
font-ttf-dejavu-sans-mono=2.37=hab24e00_0
font-ttf-inconsolata=3.000=h77eed37_0
font-ttf-source-code-pro=2.038=h77eed37_0
font-ttf-ubuntu=0.83=hab24e00_0
fontconfig=2.14.1=hbde0cde_0
fonts-conda-ecosystem=1=0
fonts-conda-forge=1=0
fonttools=4.38.0=pypi_0
freetype=2.12.1=h546665d_1
gettext=0.21.1=h5728263_0
graphite2=1.3.13=1000
harfbuzz=5.3.0=he256f1b_0
icu=70.1=h0e60522_0
joblib=1.2.0=pypi_0
jpeg=9e=h8ffe710_2
kiwisolver=1.4.4=pypi_0
lerc=4.0.0=h63175ca_0
libavif=0.11.1=h8f5c5bc_0
libdeflate=1.14=hcfcfb64_0
libffi=3.4.2=h8ffe710_5
libflac=1.4.2=h63175ca_0
libglib=2.74.1=he8f3873_1
libiconv=1.17=h8ffe710_0
libmad=0.15.1b=hcfcfb64_1001
libogg=1.3.4=h8ffe710_1
libpng=1.6.39=h19919ed_0
libsqlite=3.40.0=hcfcfb64_0
libtiff=4.4.0=h8e97e67_4
libvorbis=1.3.7=h0e60522_0
libwebp-base=1.2.4=h8ffe710_0
libzlib=1.2.13=hcfcfb64_4
matplotlib=3.6.2=pypi_0
mpg123=1.31.1=h63175ca_0
multiprocess=0.70.14=pypi_0
networkx=2.8.8=pypi_0
numpy=1.23.5=pypi_0
openssl=3.0.7=hcfcfb64_1
packaging=22.0=pypi_0
pandas=1.5.2=pypi_0
pcre2=10.40=h17e33f8_0
pillow=9.3.0=pypi_0
pip=22.3.1=pyhd8ed1ab_0
pixman=0.40.0=h8ffe710_0
portmidi=2.0.4=h63175ca_0
pygame=2.1.3.dev8=py310hf962f48_1
pyparsing=3.0.9=pypi_0
python=3.10.8=h4de0772_0_cpython
python-dateutil=2.8.2=pypi_0
python_abi=3.10=3_cp310
pytz=2022.6=pypi_0
salib=1.4.6.1=pypi_0
scipy=1.9.3=pypi_0
sdl2=2.26.1=h63175ca_1
sdl2_image=2.6.2=h22b4670_2
sdl2_mixer=2.6.2=h090ff69_3
sdl2_ttf=2.20.1=h751664e_0
setuptools=65.5.1=pyhd8ed1ab_0
six=1.16.0=pypi_0
tk=8.6.12=h8ffe710_0
tzdata=2022g=h191b570_0
ucrt=10.0.22621.0=h57928b3_0
vc=14.3=h3d8a991_9
vs2015_runtime=14.32.31332=h1d6e394_9
wheel=0.38.4=pyhd8ed1ab_0
xz=5.2.6=h8d14728_0
zlib=1.2.13=hcfcfb64_4
zstd=1.5.2=h7755175_4
